# name: debug
# type: sparse matrix
# nnz: 6084
# rows: 78
# columns: 78

1 1 18257925.3
2 1 574958.156
3 1 1250147.67
4 1 31487.7458
5 1 -2487417.51
6 1 555874.371
7 1 -1956812.84
8 1 -120256.721
9 1 -136582.135
10 1 -11648.1625
11 1 262503.82
12 1 -73567.4017
13 1 -2197386.51
14 1 -123976.139
15 1 -19438.5907
16 1 -11880.5622
17 1 303210.955
18 1 -58031.1386
19 1 -1546760.13
20 1 -53239.456
21 1 73188.5293
22 1 -7153.5651
23 1 218704.587
24 1 -43076.9177
25 1 -1595770.04
26 1 -13663.184
27 1 151690.272
28 1 -3988.8626
29 1 220684.396
30 1 -55944.5149
31 1 -1146593.08
32 1 71624.6031
33 1 374719.017
34 1 2835.48594
35 1 175642.03
36 1 -26209.7995
37 1 -166585.305
38 1 17128.3211
39 1 48194.0643
40 1 1225.50739
41 1 23944.0317
42 1 -4979.23905
43 1 -253491.368
44 1 -35249.4149
45 1 125137.356
46 1 -5742.88901
47 1 39640.9046
48 1 -1143.99307
49 1 -93537.0234
50 1 -18519.7959
51 1 49067.1603
52 1 -3253.96927
53 1 14305.8242
54 1 -940.366667
55 1 -86831.0464
56 1 -45179.6
57 1 49487.6072
58 1 -6700.1639
59 1 13976.3442
60 1 941.79685
61 1 -93144.882
62 1 -50278.3077
63 1 53255.2183
64 1 -7584.86511
65 1 15416.1856
66 1 1165.55246
67 1 -251630.28
68 1 -140722.464
69 1 144704.336
70 1 -20710.6807
71 1 40380.6016
72 1 3491.06402
73 1 -186360.336
74 1 -120799.797
75 1 112370.597
76 1 -17528.8509
77 1 30254.9912
78 1 3655.67509
1 2 574958.156
2 2 18140390.3
3 2 -3126241.2
4 2 2493077.76
5 2 -24132.0282
6 2 280996.634
7 2 -168066.373
8 2 -1892539.52
9 2 337728.461
10 2 -259339.966
11 2 18087.0292
12 2 -47726.2528
13 2 -128616.209
14 2 -1994394.92
15 2 255292.571
16 2 -283227.663
17 2 11806.6305
18 2 -24964.2376
19 2 -70724.752
20 2 -1294081.25
21 2 211734.173
22 2 -194454.265
23 2 7406.38599
24 2 -5735.361
25 2 -17246.8213
26 2 -1239321.58
27 2 276453.931
28 2 -181845.466
29 2 3098.03049
30 2 9612.36819
31 2 64615.5731
32 2 -687734.877
33 2 84748.052
34 2 -98422.5668
35 2 -6379.11834
36 2 34602.3542
37 2 16967.8729
38 2 -71444.5978
39 2 14016.6224
40 2 -10602.4382
41 2 -2186.37703
42 2 1918.81739
43 2 52533.6236
44 2 -207422.466
45 2 2018.09739
46 2 -28027.5031
47 2 -7224.30041
48 2 12378.6491
49 2 18403.6477
50 2 -82928.4309
51 2 6885.63724
52 2 -10892.3165
53 2 -2014.30473
54 2 5154.5182
55 2 61001.9422
56 2 -100629.402
57 2 -13092.4276
58 2 -12417.7799
59 2 -8485.61921
60 2 7372.49478
61 2 61585.4508
62 2 -104044.419
63 2 -14247.0192
64 2 -13099.6743
65 2 -8804.81001
66 2 7656.44535
67 2 169540.177
68 2 -298388.818
69 2 -37300.5583
70 2 -36804.4041
71 2 -23349.0071
72 2 21284.1754
73 2 143765.187
74 2 -232166.455
75 2 -35578.0878
76 2 -28330.6348
77 2 -19955.7935
78 2 17019.3064
1 3 1250147.67
2 3 -3126241.2
3 3 2864465.4
4 3 -466964.758
5 3 -216092.488
6 3 -7355.71757
7 3 -234441.836
8 3 343446.807
9 3 -282809.051
10 3 49626.7642
11 3 40422.3247
12 3 -3026.99256
13 3 -258139.261
14 3 239164.638
15 3 -204248.124
16 3 37492.3009
17 3 40447.4725
18 3 -5310.83132
19 3 -314190.821
20 3 193154.287
21 3 -128271.365
22 3 26601.0458
23 3 44358.2773
24 3 -7650.89559
25 3 -310900.892
26 3 263394.187
27 3 -131347.545
28 3 37526.3295
29 3 40722.0214
30 3 -12548.0914
31 3 -262869.4
32 3 124171.278
33 3 10346.7104
34 3 15157.4768
35 3 36773.5574
36 3 -9367.9652
37 3 -67219.4971
38 3 26240.0474
39 3 9675.57818
40 3 3214.89854
41 3 9294.54013
42 3 -2607.86381
43 3 -135083.382
44 3 20466.9435
45 3 48941.7834
46 3 1707.52338
47 3 20023.0247
48 3 -2658.16503
49 3 -51209.9594
50 3 12665.1371
51 3 17542.1938
52 3 1045.37275
53 3 7277.33213
54 3 -1675.61067
55 3 -64082.8689
56 3 16802.9409
57 3 27528.5803
58 3 1570.65086
59 3 9738.19242
60 3 -2363.11673
61 3 -65933.7456
62 3 16803.5339
63 3 28812.5835
64 3 1606.80347
65 3 10291.5941
66 3 -2420.05086
67 3 -180287.219
68 3 57228.9462
69 3 75206.9008
70 3 5572.06733
71 3 27155.3544
72 3 -6998.27892
73 3 -138515.126
74 3 44039.0581
75 3 58239.9005
76 3 4195.85609
77 3 20871.4166
78 3 -5460.30271
1 4 31487.7458
2 4 2493077.76
3 4 -466964.758
4 4 365582.976
5 4 1068.88228
6 4 37412.9218
7 4 -14338.5573
8 4 -254843.908
9 4 48373.2824
10 4 -37338.3124
11 4 1329.23129
12 4 -6204.15436
13 4 -6465.26447
14 4 -276472.267
15 4 38436.7661
16 4 -42135.8532
17 4 519.053532
18 4 -2690.17249
19 4 537.525411
20 4 -184713.397
21 4 27577.8432
22 4 -28476.2049
23 4 -135.09085
24 4 218.225754
25 4 9312.53157
26 4 -175181.953
27 4 37493.6561
28 4 -26201.4748
29 4 -907.435021
30 4 2541.63993
31 4 14957.0366
32 4 -102197.408
33 4 9852.32833
34 4 -14694.8872
35 4 -1587.78918
36 4 5752.72629
37 4 3993.1176
38 4 -9574.60431
39 4 1348.77642
40 4 -1386.42279
41 4 -507.107495
42 4 391.577044
43 4 9058.70261
44 4 -26362.9152
45 4 -1156.63707
46 4 -3531.41636
47 4 -1266.52318
48 4 1757.70483
49 4 3596.82926
50 4 -10459.1037
51 4 113.237835
52 4 -1351.43436
53 4 -439.595865
54 4 727.383264
55 4 9705.57749
56 4 -12188.95
57 4 -2673.54781
58 4 -1482.70978
59 4 -1386.6399
60 4 949.902931
61 4 10141.8422
62 4 -12828.8269
63 4 -2953.49655
64 4 -1594.37575
65 4 -1495.53346
66 4 1014.90139
67 4 27286.0042
68 4 -36320.5563
69 4 -7644.42845
70 4 -4417.28739
71 4 -3874.99163
72 4 2743.43642
73 4 22689.0708
74 4 -28381.0138
75 4 -6753.28778
76 4 -3412.7211
77 4 -3235.64024
78 4 2203.69835
1 5 -2487417.51
2 5 -24132.0282
3 5 -216092.488
4 5 1068.88228
5 5 364227.973
6 5 -65417.2122
7 5 261734.055
8 5 9009.4627
9 5 28464.6362
10 5 523.578108
11 5 -37611.2255
12 5 8947.37246
13 5 302647.276
14 5 7607.39464
15 5 9800.87995
16 5 602.422148
17 5 -44629.3677
18 5 7176.88299
19 5 219421.822
20 5 -696.633148
21 5 -6434.6754
22 5 -47.152262
23 5 -31937.3595
24 5 5043.30933
25 5 220612.897
26 5 -7579.97099
27 5 -18015.074
28 5 -756.020413
29 5 -31235.7818
30 5 7039.31801
31 5 168214.555
32 5 -12406.6947
33 5 -54636.7003
34 5 -888.295211
35 5 -26485.5156
36 5 2991.31189
37 5 23702.303
38 5 -3391.68084
39 5 -6444.45888
40 5 -337.554113
41 5 -3430.46716
42 5 640.715326
43 5 38768.1059
44 5 3232.77658
45 5 -18210.1383
46 5 565.709402
47 5 -6086.59463
48 5 153.627927
49 5 13885.8628
50 5 1504.89194
51 5 -6744.74175
52 5 312.286594
53 5 -2109.35687
54 5 157.012736
55 5 13297.9698
56 5 4227.49974
57 5 -7120.96618
58 5 677.373811
59 5 -2113.43682
60 5 16.9856623
61 5 14356.7743
62 5 4923.01262
63 5 -7776.26479
64 5 798.322839
65 5 -2352.10997
66 5 -5.25605947
67 5 37411.1993
68 5 13165.8652
69 5 -20053.6357
70 5 2066.3133
71 5 -5942.22339
72 5 -76.804423
73 5 27782.5801
74 5 11751.818
75 5 -15503.7178
76 5 1797.25691
77 5 -4456.01899
78 5 -185.588505
1 6 555874.371
2 6 280996.634
3 6 -7355.71757
4 6 37412.9218
5 6 -65417.2122
6 6 67396.4927
7 6 -75292.3259
8 6 -58065.591
9 6 1990.37027
10 6 -8233.49717
11 6 9238.63674
12 6 -8047.15259
13 6 -57801.6729
14 6 -52045.1647
15 6 4257.16996
16 6 -7510.08153
17 6 7148.13066
18 6 -5868.24615
19 6 -41949.218
20 6 -47849.199
21 6 7470.82631
22 6 -7289.48568
23 6 4841.65043
24 6 -3865.04375
25 6 -52559.3852
26 6 -36466.1814
27 6 11115.267
28 6 -5520.31622
29 6 6529.23226
30 6 -3810.31958
31 6 -21687.72
32 6 -16282.2777
33 6 7756.0728
34 6 -3012.87483
35 6 2407.09706
36 6 -1176.37377
37 6 -2995.16105
38 6 -3306.57199
39 6 1538.47465
40 6 -615.488732
41 6 333.673744
42 6 -274.077904
43 6 -1191.76459
44 6 -13619.0727
45 6 1691.08114
46 6 -2019.29719
47 6 96.5868215
48 6 482.315952
49 6 -1575.84288
50 6 -5471.99254
51 6 1613.66838
52 6 -794.202172
53 6 240.751375
54 6 190.958828
55 6 -503.150109
56 6 -7282.61108
57 6 1444.24736
58 6 -950.596885
59 6 153.077849
60 6 423.775639
61 6 -1013.58726
62 6 -7751.52296
63 6 1715.77895
64 6 -1040.93934
65 6 250.016194
66 6 444.120846
67 6 -3235.48347
68 6 -21409.5428
69 6 4872.28419
70 6 -2832.90811
71 6 695.114819
72 6 1179.62892
73 6 -2033.53068
74 6 -16833.2235
75 6 3689.06836
76 6 -2224.96397
77 6 477.535112
78 6 942.366841
1 7 -1956812.84
2 7 -168066.373
3 7 -234441.836
4 7 -14338.5573
5 7 261734.055
6 7 -75292.3259
7 7 16142319.7
8 7 572462.627
9 7 1337105.24
10 7 31962.2162
11 7 -2247885.99
12 7 466736.219
13 7 -2639222.76
14 7 -176492.568
15 7 -201881.991
16 7 -12673.8383
17 7 366918.91
18 7 -81728.923
19 7 -1434301.34
20 7 17250.1352
21 7 32436.2701
22 7 2164.01603
23 7 206911.368
24 7 -35796.6258
25 7 -1602043.88
26 7 41759.9354
27 7 108721.522
28 7 4541.05845
29 7 228108.834
30 7 -47289.7794
31 7 -870636.468
32 7 89468.913
33 7 274572.3
34 7 4090.04377
35 7 124137.512
36 7 -30513.9939
37 7 -250799.637
38 7 2474.65171
39 7 62024.6179
40 7 218.486726
41 7 36028.9704
42 7 -5788.35847
43 7 -414757.695
44 7 -71528.3666
45 7 195716.127
46 7 -10730.3344
47 7 63903.7424
48 7 -2350.08201
49 7 -219763.293
50 7 -32315.8946
51 7 115580.585
52 7 -3179.62686
53 7 35610.8962
54 7 2381.04224
55 7 -91019.7096
56 7 -41596.567
57 7 49737.1306
58 7 -6092.89839
59 7 14380.9277
60 7 639.496734
61 7 -86926.0019
62 7 -45164.2359
63 7 45204.4001
64 7 -6260.38479
65 7 13485.4704
66 7 1191.67061
67 7 -120510.177
68 7 -63101.1237
69 7 68812.4872
70 7 -8946.31304
71 7 18234.9166
72 7 1069.07802
73 7 -87205.016
74 7 -49294.141
75 7 50159.8499
76 7 -6927.58724
77 7 13399.4582
78 7 1178.39501
1 8 -120256.721
2 8 -1892539.52
3 8 343446.807
4 8 -254843.908
5 8 9009.4627
6 8 -58065.591
7 8 572462.627
8 8 15914611.9
9 8 -2863453.64
10 8 2258078.74
11 8 -24773.572
12 8 295692.475
13 8 -140110.327
14 8 -2291980.3
15 8 391178.903
16 8 -331329.694
17 8 8623.34024
18 8 -43186.5902
19 8 13002.5041
20 8 -1252823.87
21 8 168467.759
22 8 -189311.805
23 8 -2255.99503
24 8 -4287.9417
25 8 33163.4214
26 8 -1311575.74
27 8 228994.946
28 8 -196875.614
29 8 -3960.02725
30 8 7230.73076
31 8 109799.921
32 8 -628808.174
33 8 107960.4
34 8 -86051.5758
35 8 -9438.36057
36 8 34292.7294
37 8 35760.2415
38 8 -127453.902
39 8 21269.3366
40 8 -18956.7628
41 8 -5391.11201
42 8 2021.98933
43 8 101778.76
44 8 -369403.44
45 8 11180.1412
46 8 -49873.9548
47 8 -13722.996
48 8 20937.8791
49 8 48669.2929
50 8 -182723.891
51 8 -15706.3044
52 8 -25056.5789
53 8 -7984.40605
54 8 11088.053
55 8 55951.3459
56 8 -108692.155
57 8 -10534.9355
58 8 -13333.2906
59 8 -7680.08
60 8 7400.34477
61 8 57166.8532
62 8 -104507.365
63 8 -14096.8601
64 8 -12782.8847
65 8 -8042.19898
66 8 6673.13198
67 8 89100.3359
68 8 -144653.796
69 8 -20097.3265
70 8 -16717.819
71 8 -11775.1534
72 8 9772.04697
73 8 69140.966
74 8 -106709.477
75 8 -17328.8339
76 8 -12515.1079
77 8 -9358.4509
78 8 7325.99828
1 9 -136582.135
2 9 337728.461
3 9 -282809.051
4 9 48373.2824
5 9 28464.6362
6 9 1990.37027
7 9 1337105.24
8 9 -2863453.64
9 9 2370901.46
10 9 -407194.95
11 9 -218307.822
12 9 -7188.6442
13 9 -354023.068
14 9 364975.465
15 9 -291676.24
16 9 50819.3682
17 9 51202.9186
18 9 -5239.86812
19 9 -258069.837
20 9 161662.279
21 9 -124153.076
22 9 22200.5926
23 9 37455.4968
24 9 -5364.79907
25 9 -269559.88
26 9 222176.621
27 9 -137446.104
28 9 30706.3369
29 9 36887.639
30 9 -8254.70922
31 9 -177551.489
32 9 154973.677
33 9 -34014.2852
34 9 19028.4952
35 9 21156.3337
36 9 -10795.3012
37 9 -113392.408
38 9 36169.6499
39 9 9474.49198
40 9 4787.39698
41 9 15562.5641
42 9 -3804.0782
43 9 -223006.786
44 9 43476.0754
45 9 66629.1657
46 9 4241.83595
47 9 31919.344
48 9 -5382.29537
49 9 -105783.598
50 9 8769.95884
51 9 37353.3082
52 9 879.241155
53 9 15733.6782
54 9 -62.4115827
55 9 -58789.134
56 9 22175.8051
57 9 23746.9176
58 9 2343.67702
59 9 8740.79743
60 9 -2440.35854
61 9 -58308.8544
62 9 17957.3164
63 9 23918.3546
64 9 1886.85188
65 9 8651.81976
66 9 -1877.75693
67 9 -82110.4846
68 9 33671.27
69 9 31077.6008
70 9 3263.86289
71 9 11484.0125
72 9 -3490.72357
73 9 -60029.5624
74 9 24329.1343
75 9 23359.6907
76 9 2413.63003
77 9 8562.30949
78 9 -2483.53459
1 10 -11648.1625
2 10 -259339.966
3 10 49626.7642
4 10 -37338.3124
5 10 523.578108
6 10 -8233.49717
7 10 31962.2162
8 10 2258078.74
9 10 -407194.95
10 10 338311.884
11 10 820.236689
12 10 38666.1347
13 10 -3792.74693
14 10 -327728.54
15 10 53458.9382
16 10 -50008.2319
17 10 -446.63809
18 10 -4837.26818
19 10 7643.6997
20 10 -183283.109
21 10 22490.3011
22 10 -28383.3564
23 10 -923.817056
24 10 142.904561
25 10 12128.9238
26 10 -191970.032
27 10 30777.7653
28 10 -29566.7496
29 10 -1334.21335
30 10 2019.30233
31 10 19529.8846
32 10 -92405.4039
33 10 13548.3939
34 10 -12762.2727
35 10 -1821.81313
36 10 5534.1156
37 10 8105.09404
38 10 -16047.4404
39 10 1886.08714
40 10 -2384.56559
41 10 -1146.0344
42 10 470.253478
43 10 17644.3002
44 10 -47123.0355
45 10 -1185.78349
46 10 -6338.44678
47 10 -2432.08097
48 10 3026.4508
49 10 7241.47402
50 10 -24378.3029
51 10 -3047.35815
52 10 -3327.10671
53 10 -1175.91378
54 10 1662.75542
55 10 9004.71127
56 10 -13435.1315
57 10 -2270.01744
58 10 -1640.00559
59 10 -1271.00273
60 10 974.684977
61 10 8971.02152
62 10 -12538.0413
63 10 -2664.79772
64 10 -1527.82427
65 10 -1287.86946
66 10 845.625575
67 10 13498.1524
68 10 -17300.0186
69 10 -3712.10041
70 10 -1984.54195
71 10 -1825.25322
72 10 1247.62238
73 10 10449.6227
74 10 -12990.8003
75 10 -3058.56733
76 10 -1512.55451
77 10 -1442.66635
78 10 940.286823
1 11 262503.82
2 11 18087.0292
3 11 40422.3247
4 11 1329.23129
5 11 -37611.2255
6 11 9238.63674
7 11 -2247885.99
8 11 -24773.572
9 11 -218307.822
10 11 820.236689
11 11 333261.845
12 11 -53973.567
13 11 368660.898
14 11 10989.1311
15 11 32105.0151
16 11 344.413553
17 11 -54756.9636
18 11 9849.97876
19 11 208834.095
20 11 -6929.36052
21 11 -1634.99388
22 11 -846.745711
23 11 -31077.3724
24 11 4288.35982
25 11 229398.684
26 11 -12397.8123
27 11 -13044.9159
28 11 -1515.13057
29 11 -33909.2067
30 11 5688.67124
31 11 119667.096
32 11 -14896.4974
33 11 -37272.1317
34 11 -1090.83118
35 11 -17611.6182
36 11 3654.91617
37 11 36560.8623
38 11 -2882.60729
39 11 -8322.41207
40 11 -417.100187
41 11 -5316.9947
42 11 753.590176
43 11 63413.2174
44 11 5807.47223
45 11 -28079.9103
46 11 920.555672
47 11 -9803.11503
48 11 374.608415
49 11 34165.2629
50 11 3627.59001
51 11 -17172.7494
52 11 278.421313
53 11 -5551.44116
54 11 -481.307112
55 11 13389.5352
56 11 3642.79971
57 11 -6959.13762
58 11 585.219399
59 11 -2102.17373
60 11 43.5805832
61 11 12803.3182
62 11 4168.18205
63 11 -6377.33431
64 11 612.920387
65 11 -1978.58428
66 11 -44.1456713
67 11 16678.4233
68 11 5592.7828
69 11 -8906.65419
70 11 849.52509
71 11 -2515.24479
72 11 -3.67872858
73 11 12251.7126
74 11 4574.35656
75 11 -6597.6446
76 11 678.380413
77 11 -1874.35743
78 11 -51.2287504
1 12 -73567.4017
2 12 -47726.2528
3 12 -3026.99256
4 12 -6204.15436
5 12 8947.37246
6 12 -8047.15259
7 12 466736.219
8 12 295692.475
9 12 -7188.6442
10 12 38666.1347
11 12 -53973.567
12 12 53951.2133
13 12 -79382.16
14 12 -59983.3754
15 12 2074.23668
16 12 -7824.94367
17 12 9432.76544
18 12 -8133.18578
19 12 -32855.8218
20 12 -38568.273
21 12 4421.58023
22 12 -5900.4221
23 12 3853.12531
24 12 -3483.14201
25 12 -42422.3206
26 12 -34402.8876
27 12 7292.9894
28 12 -5319.74471
29 12 4950.28739
30 12 -3678.24507
31 12 -24850.7345
32 12 -7710.49363
33 12 8862.61168
34 12 -1709.66143
35 12 2935.83084
36 12 -1575.31414
37 12 -3328.0824
38 12 -8120.6255
39 12 1706.15276
40 12 -1340.36265
41 12 281.637677
42 12 -371.915782
43 12 -2124.88703
44 12 -24137.2638
45 12 3335.15787
46 12 -3545.88793
47 12 175.13664
48 12 750.908586
49 12 1471.05535
50 12 -11250.498
51 12 -1048.20623
52 12 -1732.90615
53 12 -445.629358
54 12 332.491107
55 12 -1182.6455
56 12 -6998.42761
57 12 1626.9376
58 12 -906.739956
59 12 246.128696
60 12 374.483698
61 12 -776.184073
62 12 -7007.38482
63 12 1183.14566
64 12 -891.876621
65 12 162.274977
66 12 373.504151
67 12 -1752.77496
68 12 -8851.56199
69 12 2273.78869
70 12 -1123.4255
71 12 318.819099
72 12 422.667621
73 12 -1083.15109
74 12 -6628.39525
75 12 1538.37362
76 12 -846.51494
77 12 205.572357
78 12 335.654156
1 13 -2197386.51
2 13 -128616.209
3 13 -258139.261
4 13 -6465.26447
5 13 302647.276
6 13 -57801.6729
7 13 -2639222.76
8 13 -140110.327
9 13 -354023.068
10 13 -3792.74693
11 13 368660.898
12 13 -79382.16
13 13 18669876
14 13 1386966.57
15 13 1944935.68
16 13 71136.4699
17 13 -2554340.79
18 13 598836.307
19 13 -2062744.4
20 13 -186400.472
21 13 9150.48898
22 13 -20039.305
23 13 286676.213
24 13 -66483.883
25 13 -1934630.73
26 13 -180520.259
27 13 46480.9207
28 13 -20593.4351
29 13 265605.849
30 13 -67135
31 13 -1246585.48
32 13 -57446.8456
33 13 314794.964
34 13 -15045.2915
35 13 177407.086
36 13 -37586.4772
37 13 -549273.062
38 13 -49425.5307
39 13 129034.249
40 13 -10626.6423
41 13 74662.583
42 13 -19509.8903
43 13 -683166.781
44 13 -201990.445
45 13 292230.34
46 13 -32281.5992
47 13 97839.1865
48 13 -10298.2426
49 13 -303002.443
50 13 -105075.472
51 13 135262.162
52 13 -16159.3974
53 13 43221.434
54 13 -3651.99831
55 13 -209482.071
56 13 -125181.916
57 13 96061.3604
58 13 -17194.5829
59 13 30925.2365
60 13 2051.24644
61 13 -227929.612
62 13 -156538.093
63 13 95553.9027
64 13 -20705.079
65 13 32846.027
66 13 3735.92461
67 13 -293197.288
68 13 -195187.057
69 13 133498.294
70 13 -26293.491
71 13 42707.6426
72 13 4554.10343
73 13 -441177.316
74 13 -250141.988
75 13 232435.744
76 13 -36432.4641
77 13 73327.47
78 13 6911.12156
1 14 -123976.139
2 14 -1994394.92
3 14 239164.638
4 14 -276472.267
5 14 7607.39464
6 14 -52045.1647
7 14 -176492.568
8 14 -2291980.3
9 14 364975.465
10 14 -327728.54
11 14 10989.1311
12 14 -59983.3754
13 14 1386966.57
14 14 18444164.1
15 14 -3500652.99
16 14 2574776.51
17 14 -71551.3255
18 14 390669.531
19 14 -190909.011
20 14 -1862338.62
21 14 314486.547
22 14 -268009.22
23 14 17058.6353
24 14 -23129.7746
25 14 -161125.599
26 14 -1752536.55
27 14 332847.285
28 14 -249498.908
29 14 14102.5858
30 14 -14860.0359
31 14 23623.958
32 14 -972386.687
33 14 160802.275
34 14 -132870.324
35 14 -771.741681
36 14 36328.3332
37 14 21214.934
38 14 -362458.795
39 14 95231.3242
40 14 -50531.1434
41 14 -1346.02028
42 14 8458.2032
43 14 131436.337
44 14 -638084.196
45 14 104187.27
46 14 -83742.5156
47 14 -13242.1429
48 14 30986.4944
49 14 63260.7203
50 14 -306670.857
51 14 47767.5132
52 14 -39378.635
53 14 -6117.01648
54 14 14952.4466
55 14 119764.87
56 14 -271415.26
57 14 -11904.7398
58 14 -33236.8426
59 14 -15766.9133
60 14 14497.9608
61 14 143079.978
62 14 -314181.324
63 14 -21443.0085
64 14 -38546.3313
65 14 -19146.8025
66 14 15095.186
67 14 210865.701
68 14 -389841.018
69 14 -41522.006
70 14 -47206.352
71 14 -28365.9898
72 14 20320.6255
73 14 289212.943
74 14 -563764.638
75 14 -67482.3536
76 14 -72963.2942
77 14 -42182.4295
78 14 36942.2296
1 15 -19438.5907
2 15 255292.571
3 15 -204248.124
4 15 38436.7661
5 15 9800.87995
6 15 4257.16996
7 15 -201881.991
8 15 391178.903
9 15 -291676.24
10 15 53458.9382
11 15 32105.0151
12 15 2074.23668
13 15 1944935.68
14 15 -3500652.99
15 15 2745473.27
16 15 -510232.119
17 15 -307558.691
18 15 414.855586
19 15 -281277.732
20 15 289118.059
21 15 -216105.404
22 15 40872.5728
23 15 39788.082
24 15 -5459.61949
25 15 -296285.825
26 15 302267.216
27 15 -216791.208
28 15 42950.6315
29 15 40259.6962
30 15 -7739.52607
31 15 -253297.381
32 15 181547.659
33 15 -75727.1918
34 15 23341.0111
35 15 29544.8693
36 15 -12950.281
37 15 -221199.633
38 15 89671.4707
39 15 487.051842
40 15 11056.5436
41 15 28338.6837
42 15 -10056.594
43 15 -366462.694
44 15 107181.642
45 15 77516.6627
46 15 10484.4922
47 15 48470.7817
48 15 -14229.0086
49 15 -167574.247
50 15 52833.7041
51 15 37459.538
52 15 5186.77089
53 15 21993.0515
54 15 -6545.82652
55 15 -141828.973
56 15 45864.6388
57 15 45163.7517
58 15 4958.0563
59 15 19795.9665
60 15 -4630.16139
61 15 -164562.667
62 15 44577.9132
63 15 51133.0045
64 15 4886.82832
65 15 22798.1788
66 15 -4024.44413
67 15 -210715.375
68 15 66615.5208
69 15 66340.2047
70 15 7067.36992
71 15 29142.0723
72 15 -6011.72456
73 15 -271840.541
74 15 120641.747
75 15 95173.9116
76 15 14055.9318
77 15 41452.7876
78 15 -11358.0879
1 16 -11880.5622
2 16 -283227.663
3 16 37492.3009
4 16 -42135.8532
5 16 602.422148
6 16 -7510.08153
7 16 -12673.8383
8 16 -331329.694
9 16 50819.3682
10 16 -50008.2319
11 16 344.413553
12 16 -7824.94367
13 16 71136.4699
14 16 2574776.51
15 16 -510232.119
16 16 379115.528
17 16 2818.87933
18 16 45474.6373
19 16 -10800.3857
20 16 -261032.729
21 16 42709.5168
22 16 -38661.5861
23 16 618.756321
24 16 -1689.73697
25 16 -5676.20366
26 16 -242304.562
27 16 45142.7065
28 16 -35535.2221
29 16 167.343143
30 16 -453.050734
31 16 14955.7664
32 16 -137094.868
33 16 19878.4811
34 16 -19045.4517
35 16 -1523.53413
36 16 6395.05149
37 16 11363.6026
38 16 -45465.8899
39 16 10245.6427
40 16 -6369.10847
41 16 -1266.475
42 16 1604.90362
43 16 28200.3194
44 16 -78074.204
45 16 7741.43753
46 16 -10211.5841
47 16 -3293.19722
48 16 4480.7918
49 16 13263.6136
50 16 -36875.9956
51 16 3437.15535
52 16 -4726.93607
53 16 -1516.78482
54 16 2105.91266
55 16 19399.7419
56 16 -31280.5153
57 16 -3381.8771
58 16 -3841.45264
59 16 -2632.67518
60 16 1847.83844
61 16 22457.5921
62 16 -35087.9417
63 16 -4625.08887
64 16 -4316.75282
65 16 -3070.44083
66 16 1834.56882
67 16 32237.9342
68 16 -44509.5109
69 16 -7667.94502
70 16 -5384.60869
71 16 -4414.50734
72 16 2522.85901
73 16 47566.6549
74 16 -73618.4196
75 16 -13239.1998
76 16 -9646.02461
77 16 -7183.09137
78 16 5216.51615
1 17 303210.955
2 17 11806.6305
3 17 40447.4725
4 17 519.053532
5 17 -44629.3677
6 17 7148.13066
7 17 366918.91
8 17 8623.34024
9 17 51202.9186
10 17 -446.63809
11 17 -54756.9636
12 17 9432.76544
13 17 -2554340.79
14 17 -71551.3255
15 17 -307558.691
16 17 2818.87933
17 17 368309.681
18 17 -69776.0479
19 17 287275.616
20 17 11974.428
21 17 2590.26246
22 17 1092.96219
23 17 -41263.1659
24 17 7615.50888
25 17 266639.246
26 17 10710.7161
27 17 -2661.49672
28 17 1146.60361
29 17 -37878.2939
30 17 7748.71836
31 17 172024.105
32 17 2355.75605
33 17 -43601.0982
34 17 1255.59181
35 17 -25253.7079
36 17 4391.63019
37 17 74939.2386
38 17 951.794456
39 17 -15676.7612
40 17 656.508015
41 17 -10268.7451
42 17 2602.34095
43 17 98152.883
44 17 16989.0923
45 17 -38207.405
46 17 3046.51219
47 17 -14069.4429
48 17 1711.41479
49 17 43257.0764
50 17 8822.09773
51 17 -17490.2587
52 17 1508.77581
53 17 -6155.75894
54 17 676.370464
55 17 30050.1965
56 17 11244.8018
57 17 -13030.9981
58 17 1642.16649
59 17 -4435.8492
60 17 -3.78002551
61 17 32938.598
62 17 14353.369
63 17 -13097.1953
64 17 1975.06995
65 17 -4749.92105
66 17 -207.279216
67 17 41651.3539
68 17 18094.46
69 17 -17792.9924
70 17 2535.54294
71 17 -6065.52348
72 17 -271.237899
73 17 66448.6478
74 17 24735.1134
75 17 -33273.9378
76 17 3772.31824
77 17 -11179.4957
78 17 -487.722049
1 18 -58031.1386
2 18 -24964.2376
3 18 -5310.83132
4 18 -2690.17249
5 18 7176.88299
6 18 -5868.24615
7 18 -81728.923
8 18 -43186.5902
9 18 -5239.86812
10 18 -4837.26818
11 18 9849.97876
12 18 -8133.18578
13 18 598836.307
14 18 390669.531
15 18 414.855586
16 18 45474.6373
17 18 -69776.0479
18 18 58793.7966
19 18 -67328.0786
20 18 -55958.4107
21 18 7414.35299
22 18 -7480.4706
23 18 7636.08566
24 18 -6241.87924
25 18 -67712.6594
26 18 -52981.2776
27 18 9357.13326
28 18 -7129.02471
29 18 7707.1561
30 18 -5983.02449
31 18 -41478.7041
32 18 -19080.3608
33 18 11697.4769
34 18 -3050.96517
35 18 4988.7946
36 18 -2630.10299
37 18 -19146.2574
38 18 -18679.3035
39 18 8882.53441
40 18 -2853.26195
41 18 2516.14574
42 18 -781.11536
43 18 -15956.6226
44 18 -41346.3199
45 18 14868.1281
46 18 -5837.94643
47 18 2375.65693
48 18 829.08101
49 18 -7454.14944
50 18 -20290.1494
51 18 7195.32538
52 18 -2800.26872
53 18 1146.29211
54 18 473.989211
55 18 -3100.9022
56 18 -18657.442
57 18 3634.00149
58 18 -2385.9785
59 18 571.834483
60 18 769.679811
61 18 -2190.84824
62 18 -22567.5691
63 18 2979.34379
64 18 -2850.47904
65 18 407.24541
66 18 906.572209
67 18 -3030.07489
68 18 -26789.6833
69 18 4060.81873
70 18 -3411.7507
71 18 547.411026
72 18 1073.56904
73 18 -8383.66165
74 18 -36324.2016
75 18 8128.27101
76 18 -5029.4398
77 18 1588.22153
78 18 1791.64787
1 19 -1546760.13
2 19 -70724.752
3 19 -314190.821
4 19 537.525411
5 19 219421.822
6 19 -41949.218
7 19 -1434301.34
8 19 13002.5041
9 19 -258069.837
10 19 7643.6997
11 19 208834.095
12 19 -32855.8218
13 19 -2062744.4
14 19 -190909.011
15 19 -281277.732
16 19 -10800.3857
17 19 287275.616
18 19 -67328.0786
19 19 19377288.8
20 19 771020.836
21 19 1128595.19
22 19 26681.2114
23 19 -2739120.07
24 19 617636.432
25 19 -3461186.01
26 19 -111536.964
27 19 -127027.492
28 19 5693.19993
29 19 504093.462
30 19 -129904.488
31 19 -1712807.89
32 19 -54477.1722
33 19 252880.842
34 19 -12233.9646
35 19 234499.938
36 19 -48722.8714
37 19 -774847.523
38 19 -69955.0202
39 19 127369.358
40 19 -11074.2554
41 19 100524.703
42 19 -18273.1758
43 19 -835891.578
44 19 -194031.81
45 19 317314.412
46 19 -30325.8509
47 19 116941.106
48 19 -12626.6819
49 19 -687484.183
50 19 -194211.965
51 19 271018.395
52 19 -27549.9955
53 19 96283.003
54 19 -5303.66807
55 19 -286895.664
56 19 -131189.901
57 19 109632.462
58 19 -17540.4443
59 19 40354.3366
60 19 1155.30473
61 19 -517219.051
62 19 -253916.186
63 19 233054.687
64 19 -34627.5423
65 19 77038.5537
66 19 4488.2883
67 19 -585761.965
68 19 -279184.97
69 19 263296.171
70 19 -39667.1145
71 19 90363.8774
72 19 5289.94522
73 19 -631507.522
74 19 -268357.187
75 19 304313.774
76 19 -36842.3577
77 19 100422.577
78 19 11574.924
1 20 -53239.456
2 20 -1294081.25
3 20 193154.287
4 20 -184713.397
5 20 -696.633148
6 20 -47849.199
7 20 17250.1352
8 20 -1252823.87
9 20 161662.279
10 20 -183283.109
11 20 -6929.36052
12 20 -38568.273
13 20 -186400.472
14 20 -1862338.62
15 20 289118.059
16 20 -261032.729
17 20 11974.428
18 20 -55958.4107
19 20 771020.836
20 20 18955665
21 20 -3541335.26
22 20 2732331.41
23 20 -25086.1428
24 20 164573.318
25 20 -133603.747
26 20 -3512758.05
27 20 474222.328
28 20 -534842.791
29 20 2665.29205
30 20 13409.7607
31 20 93371.6304
32 20 -1703923.01
33 20 215061.064
34 20 -229193.65
35 20 -10824.391
36 20 49384.3986
37 20 46004.3388
38 20 -653719.527
39 20 103652.082
40 20 -86793.8151
41 20 -4339.75048
42 20 10866.2386
43 20 155746.42
44 20 -834696.945
45 20 106455.035
46 20 -108518.405
47 20 -16773.0371
48 20 40302.7761
49 20 129234.1
50 20 -715119.84
51 20 72749.0249
52 20 -91428.4658
53 20 -14601.7286
54 20 33859.1893
55 20 116946.161
56 20 -358757.65
57 20 -6759.34883
58 20 -43540.6004
59 20 -14846.3416
60 20 16293.2051
61 20 229410.968
62 20 -638480.907
63 20 -33353.5073
64 20 -78011.1398
65 20 -30826.2741
66 20 34140.382
67 20 269058.808
68 20 -712520.191
69 20 -42390.1717
70 20 -90802.6918
71 20 -37338.364
72 20 39615.6728
73 20 289586.414
74 20 -823131.654
75 20 -105440.572
76 20 -105345.463
77 20 -43484.3201
78 20 51490.6225
1 21 73188.5293
2 21 211734.173
3 21 -128271.365
4 21 27577.8432
5 21 -6434.6754
6 21 7470.82631
7 21 32436.2701
8 21 168467.759
9 21 -124153.076
10 21 22490.3011
11 21 -1634.99388
12 21 4421.58023
13 21 9150.48898
14 21 314486.547
15 21 -216105.404
16 21 42709.5168
17 21 2590.26246
18 21 7414.35299
19 21 1128595.19
20 21 -3541335.26
21 21 2829017.34
22 21 -522288.844
23 21 -125692.965
24 21 -1595.06857
25 21 -241243.12
26 21 462999.746
27 21 -489749.479
28 21 82633.6805
29 21 16645.964
30 21 -7460.78408
31 21 -301206.46
32 21 260516.22
33 21 -185441.473
34 21 34728.4773
35 21 31427.848
36 21 -11824.2926
37 21 -269847.849
38 21 113237.033
39 21 -37732.8876
40 21 13327.401
41 21 33086.2155
42 21 -7581.08168
43 21 -347959.036
44 21 151983.636
45 21 37650.6502
46 21 16728.5303
47 21 43577.3908
48 21 -13536.6049
49 21 -293421.57
50 21 120358.562
51 21 37522.7657
52 21 12920.9393
53 21 36578.3546
54 21 -9707.62488
55 21 -144313.101
56 21 78112.5434
57 21 34280.797
58 21 9185.84963
59 21 18853.567
60 21 -5314.55576
61 21 -230367.742
62 21 146938.783
63 21 61277.7897
64 21 17412.1787
65 21 31186.9099
66 21 -10584.3302
67 21 -258118.561
68 21 178487.973
69 21 71031.1436
70 21 22114.8791
71 21 36647.1378
72 21 -12944.3624
73 21 -238338.539
74 21 177658.207
75 21 69803.392
76 21 21949.3957
77 21 34105.381
78 21 -12450.9401
1 22 -7153.5651
2 22 -194454.265
3 22 26601.0458
4 22 -28476.2049
5 22 -47.152262
6 22 -7289.48568
7 22 2164.01603
8 22 -189311.805
9 22 22200.5926
10 22 -28383.3564
11 22 -846.745711
12 22 -5900.4221
13 22 -20039.305
14 22 -268009.22
15 22 40872.5728
16 22 -38661.5861
17 22 1092.96219
18 22 -7480.4706
19 22 26681.2114
20 22 2732331.41
21 22 -522288.844
22 22 423779.738
23 22 547.637218
24 22 1505.67614
25 22 5253.85683
26 22 -535355.41
27 22 84129.1583
28 22 -98622.8229
29 22 412.105362
30 22 17411.938
31 22 23500.3427
32 22 -234873.677
33 22 28044.9305
34 22 -32715.3083
35 22 -2770.72261
36 22 8767.09751
37 22 12173.0362
38 22 -80437.1048
39 22 11025.3162
40 22 -11122.882
41 22 -1371.12432
42 22 1949.42299
43 22 30147.9177
44 22 -109001.994
45 22 9123.38605
46 22 -14334.8228
47 22 -3556.56504
48 22 6075.00651
49 22 24558.309
50 22 -91772.4803
51 22 5092.0631
52 22 -11905.7482
53 22 -3000.37957
54 22 5032.71844
55 22 19101.3104
56 22 -43055.1702
57 22 -2288.5002
58 22 -5306.36769
59 22 -2491.04286
60 22 2177.30111
61 22 37087.2182
62 22 -80613.3013
63 22 -6988.61076
64 22 -9931.39791
65 22 -5066.20677
66 22 4709.81246
67 22 44537.6419
68 22 -94070.915
69 22 -8643.26977
70 22 -12061.4219
71 22 -6286.9303
72 22 5624.33364
73 22 45801.277
74 22 -112494.427
75 22 -16814.2507
76 22 -14472.1507
77 22 -6919.47572
78 22 7392.57765
1 23 218704.587
2 23 7406.38599
3 23 44358.2773
4 23 -135.09085
5 23 -31937.3595
6 23 4841.65043
7 23 206911.368
8 23 -2255.99503
9 23 37455.4968
10 23 -923.817056
11 23 -31077.3724
12 23 3853.12531
13 23 286676.213
14 23 17058.6353
15 23 39788.082
16 23 618.756321
17 23 -41263.1659
18 23 7636.08566
19 23 -2739120.07
20 23 -25086.1428
21 23 -125692.965
22 23 547.637218
23 23 419937.203
24 23 -85139.2607
25 23 504945.909
26 23 -4508.19229
27 23 2175.74929
28 23 -809.380913
29 23 -85905.4497
30 23 22121.1298
31 23 231750.812
32 23 334.306841
33 23 -36308.6401
34 23 738.853971
35 23 -32957.7675
36 23 5629.32511
37 23 101189.273
38 23 3453.69322
39 23 -14087.3053
40 23 701.539953
41 23 -13527.0207
42 23 2129.96415
43 23 114715.366
44 23 16289.5937
45 23 -40839.5422
46 23 2823.05258
47 23 -16231.7302
48 23 1743.89372
49 23 94243.6484
50 23 17307.4669
51 23 -35010.8255
52 23 2582.97868
53 23 -13378.0838
54 23 692.931099
55 23 37870.8074
56 23 11460.5583
57 23 -14184.5946
58 23 1637.02219
59 23 -5386.63114
60 23 46.1442183
61 23 68847.3218
62 23 24617.7904
63 23 -30576.8104
64 23 3522.23123
65 23 -10332.7816
66 23 -268.671987
67 23 80055.7185
68 23 27776.6081
69 23 -35266.8983
70 23 4122.79998
71 23 -12406.5928
72 23 -301.716241
73 23 87751.5856
74 23 30170.5515
75 23 -41952.8024
76 23 4161.73374
77 23 -14039.5604
78 23 -1457.73284
1 24 -43076.9177
2 24 -5735.361
3 24 -7650.89559
4 24 218.225754
5 24 5043.30933
6 24 -3865.04375
7 24 -35796.6258
8 24 -4287.9417
9 24 -5364.79907
10 24 142.904561
11 24 4288.35982
12 24 -3483.14201
13 24 -66483.883
14 24 -23129.7746
15 24 -5459.61949
16 24 -1689.73697
17 24 7615.50888
18 24 -6241.87924
19 24 617636.432
20 24 164573.318
21 24 -1595.06857
22 24 1505.67614
23 24 -85139.2607
24 24 81603.7218
25 24 -127852.774
26 24 -1194.56391
27 24 -1682.38079
28 24 13756.0327
29 24 21400.5849
30 24 -29983.0491
31 24 -52684.9212
32 24 -17466.3847
33 24 10738.9689
34 24 -2543.94002
35 24 6289.27855
36 24 -5216.69759
37 24 -19530.4275
38 24 -27754.9594
39 24 6712.72566
40 24 -3994.77227
41 24 2315.9377
42 24 -977.185711
43 24 -20130.7775
44 24 -39562.9164
45 24 13765.6489
46 24 -5589.61281
47 24 2745.05108
48 24 405.206916
49 24 -14891.8494
50 24 -35384.8188
51 24 10316.1876
52 24 -4876.82355
53 24 1944.56339
54 24 493.087223
55 24 -7380.39204
56 24 -18963.7013
57 24 4427.31894
58 24 -2394.92935
59 24 1140.32006
60 24 580.334668
61 24 -14823.0792
62 24 -31160.5949
63 24 9270.15305
64 24 -3996.01781
65 24 2378.06523
66 24 1056.29852
67 24 -18089.6963
68 24 -35432.4151
69 24 10975.3837
70 24 -4748.71363
71 24 2994.15503
72 24 1287.88789
73 24 -16571.7834
74 24 -32395.9394
75 24 8715.88249
76 24 -4401.33468
77 24 2637.08255
78 24 1325.32216
1 25 -1595770.04
2 25 -17246.8213
3 25 -310900.892
4 25 9312.53157
5 25 220612.897
6 25 -52559.3852
7 25 -1602043.88
8 25 33163.4214
9 25 -269559.88
10 25 12128.9238
11 25 229398.684
12 25 -42422.3206
13 25 -1934630.73
14 25 -161125.599
15 25 -296285.825
16 25 -5676.20366
17 25 266639.246
18 25 -67712.6594
19 25 -3461186.01
20 25 -133603.747
21 25 -241243.12
22 25 5253.85683
23 25 504945.909
24 25 -127852.774
25 25 20527878.3
26 25 710349.089
27 25 734619.264
28 25 20886.3517
29 25 -2859335.59
30 25 723564.076
31 25 -2133180.47
32 25 -150028.254
33 25 320407.856
34 25 -26613.5296
35 25 283407.059
36 25 -79393.0486
37 25 -833328.09
38 25 -108684.846
39 25 138632.902
40 25 -16850.3199
41 25 105633.376
42 25 -24766.852
43 25 -837386.614
44 25 -200643.753
45 25 301013.397
46 25 -30907.9225
47 25 113937.758
48 25 -14007.1609
49 25 -858552.559
50 25 -233886.34
51 25 352780.87
52 25 -36535.7444
53 25 122869.439
54 25 -11381.7529
55 25 -330620.744
56 25 -155335.437
57 25 114540.711
58 25 -18957.3336
59 25 43832.6975
60 25 2358.66641
61 25 -568397.521
62 25 -255823.037
63 25 239395.848
64 25 -33262.0312
65 25 79946.1546
66 25 5131.67735
67 25 -560746.517
68 25 -254292.914
69 25 246573.249
70 25 -35703.298
71 25 81830.2564
72 25 2600.00589
73 25 -766229.526
74 25 -348805.687
75 25 356209.15
76 25 -46784.0374
77 25 120742.756
78 25 16207.0999
1 26 -13663.184
2 26 -1239321.58
3 26 263394.187
4 26 -175181.953
5 26 -7579.97099
6 26 -36466.1814
7 26 41759.9354
8 26 -1311575.74
9 26 222176.621
10 26 -191970.032
11 26 -12397.8123
12 26 -34402.8876
13 26 -180520.259
14 26 -1752536.55
15 26 302267.216
16 26 -242304.562
17 26 10710.7161
18 26 -52981.2776
19 26 -111536.964
20 26 -3512758.05
21 26 462999.746
22 26 -535355.41
23 26 -4508.19229
24 26 -1194.56391
25 26 710349.089
26 26 19632861.5
27 26 -4070629.28
28 26 2788207.64
29 26 -11311.2191
30 26 77800.3973
31 26 127312.117
32 26 -2146663.02
33 26 388254.977
34 26 -283618.28
35 26 -14254.2859
36 26 63959.8941
37 26 47607.9468
38 26 -709948.615
39 26 149024.036
40 26 -93269.3158
41 26 -4221.18582
42 26 12823.248
43 26 165255.97
44 26 -847608.772
45 26 117620.882
46 26 -107382.946
47 26 -17199.6724
48 26 38582.9803
49 26 195555.245
50 26 -910643.626
51 26 104946.01
52 26 -115271.443
53 26 -20943.6234
54 26 46293.3363
55 26 113897.403
56 26 -412597.77
57 26 -11971.209
58 26 -48048.8606
59 26 -14411.012
60 26 16256.6727
61 26 213356.057
62 26 -671213.123
63 26 -44056.1262
64 26 -79444.0691
65 26 -28038.9053
66 26 32798.2827
67 26 252707.719
68 26 -673693.201
69 26 -26896.3128
70 26 -81256.2087
71 26 -32223.7258
72 26 35528.8746
73 26 326008.676
74 26 -962899.013
75 26 -129389.608
76 26 -123323.779
77 26 -50364.7659
78 26 58192.0088
1 27 151690.272
2 27 276453.931
3 27 -131347.545
4 27 37493.6561
5 27 -18015.074
6 27 11115.267
7 27 108721.522
8 27 228994.946
9 27 -137446.104
10 27 30777.7653
11 27 -13044.9159
12 27 7292.9894
13 27 46480.9207
14 27 332847.285
15 27 -216791.208
16 27 45142.7065
17 27 -2661.49672
18 27 9357.13326
19 27 -127027.492
20 27 474222.328
21 27 -489749.479
22 27 84129.1583
23 27 2175.74929
24 27 -1682.38079
25 27 734619.264
26 27 -4070629.28
27 27 3099330.92
28 27 -595009.005
29 27 -42240.2327
30 27 -9575.13256
31 27 -328530.098
32 27 454002.472
33 27 -281052.689
34 27 62348.0483
35 27 30919.7458
36 27 -20147.0414
37 27 -273994.65
38 27 153686.937
39 27 -57419.3121
40 27 18665.3512
41 27 32253.8823
42 27 -9996.51587
43 27 -338884.431
44 27 168130.644
45 27 29201.7424
46 27 18643.5053
47 27 41089.6231
48 27 -14018.9165
49 27 -332749.275
50 27 185344.467
51 27 37279.2799
52 27 21119.3503
53 27 41163.4067
54 27 -15482.0848
55 27 -157704.901
56 27 78567.239
57 27 32969.0339
58 27 9084.65833
59 27 19326.3031
60 27 -4463.51619
61 27 -232909.336
62 27 141913.303
63 27 51305.239
64 27 17061.9566
65 27 29455.4186
66 27 -9386.20345
67 27 -236756.119
68 27 188223.235
69 27 50116.3342
70 27 22183.2198
71 27 30679.782
72 27 -12948.992
73 27 -269340.522
74 27 201955.674
75 27 75841.572
76 27 25982.524
77 27 37939.0652
78 27 -13815.8477
1 28 -3988.8626
2 28 -181845.466
3 28 37526.3295
4 28 -26201.4748
5 28 -756.020413
6 28 -5520.31622
7 28 4541.05845
8 28 -196875.614
9 28 30706.3369
10 28 -29566.7496
11 28 -1515.13057
12 28 -5319.74471
13 28 -20593.4351
14 28 -249498.908
15 28 42950.6315
16 28 -35535.2221
17 28 1146.60361
18 28 -7129.02471
19 28 5693.19993
20 28 -534842.791
21 28 82633.6805
22 28 -98622.8229
23 28 -809.380913
24 28 13756.0327
25 28 20886.3517
26 28 2788207.64
27 28 -595009.005
28 28 424023.977
29 28 1379.87872
30 28 -9942.67301
31 28 34507.1286
32 28 -292481.732
33 28 52960.1128
34 28 -39869.2173
35 28 -3847.21417
36 28 11058.0309
37 28 14516.7167
38 28 -87751.679
39 28 16665.1404
40 28 -12049.5471
41 28 -1552.64771
42 28 2347.4491
43 28 31042.2058
44 28 -108283.847
45 28 10721.6388
46 28 -13970.1689
47 28 -3533.37063
48 28 5746.43005
49 28 35751.4483
50 28 -119297.618
51 28 9598.9563
52 28 -15345.3837
53 28 -4128.39816
54 28 6943.78289
55 28 18269.2479
56 28 -46997.6688
57 28 -2829.30339
58 28 -5610.65636
59 28 -2352.33492
60 28 2109.81328
61 28 33631.3647
62 28 -81825.5709
63 28 -6951.23065
64 28 -9841.06625
65 28 -4447.60889
66 28 4450.73215
67 28 39795.8955
68 28 -85668.1751
69 28 -5491.31293
70 28 -10449.3082
71 28 -5167.3038
72 28 4937.17492
73 28 52285.9155
74 28 -131463.834
75 28 -20129.8692
76 28 -17146.9779
77 28 -8147.95441
78 28 8574.71056
1 29 220684.396
2 29 3098.03049
3 29 40722.0214
4 29 -907.435021
5 29 -31235.7818
6 29 6529.23226
7 29 228108.834
8 29 -3960.02725
9 29 36887.639
10 29 -1334.21335
11 29 -33909.2067
12 29 4950.28739
13 29 265605.849
14 29 14102.5858
15 29 40259.6962
16 29 167.343143
17 29 -37878.2939
18 29 7707.1561
19 29 504093.462
20 29 2665.29205
21 29 16645.964
22 29 412.105362
23 29 -85905.4497
24 29 21400.5849
25 29 -2859335.59
26 29 -11311.2191
27 29 -42240.2327
28 29 1379.87872
29 29 437495.755
30 29 -102329.935
31 29 278312.042
32 29 9192.45821
33 29 -44988.6072
34 29 2208.238
35 29 -38480.8013
36 29 9216.10795
37 29 105420.024
38 29 6613.42918
39 29 -14944.7181
40 29 1250.99722
41 29 -13800.1769
42 29 2884.07515
43 29 111766.834
44 29 16412.9252
45 29 -38023.6766
46 29 2869.97834
47 29 -15445.1165
48 29 1932.9722
49 29 117535.956
50 29 20887.738
51 29 -46633.8755
52 29 3663.168
53 29 -17069.4459
54 29 1722.38431
55 29 41530.4422
56 29 13338.7319
57 29 -14352.637
58 29 1723.87757
59 29 -5613.44512
60 29 -133.611456
61 29 71827.5617
62 29 24594.2138
63 29 -30123.14
64 29 3366.8785
65 29 -10224.489
66 29 -369.823978
67 29 71653.978
68 29 24718.5646
69 29 -31142.5148
70 29 3654.37575
71 29 -10546.1162
72 29 -97.036348
73 29 105015.178
74 29 39752.4727
75 29 -49408.4512
76 29 5476.25283
77 29 -16903.8121
78 29 -2016.40158
1 30 -55944.5149
2 30 9612.36819
3 30 -12548.0914
4 30 2541.63993
5 30 7039.31801
6 30 -3810.31958
7 30 -47289.7794
8 30 7230.73076
9 30 -8254.70922
10 30 2019.30233
11 30 5688.67124
12 30 -3678.24507
13 30 -67135
14 30 -14860.0359
15 30 -7739.52607
16 30 -453.050734
17 30 7748.71836
18 30 -5983.02449
19 30 -129904.488
20 30 13409.7607
21 30 -7460.78408
22 30 17411.938
23 30 22121.1298
24 30 -29983.0491
25 30 723564.076
26 30 77800.3973
27 30 -9575.13256
28 30 -9942.67301
29 30 -102329.935
30 30 89679.5863
31 30 -87679.9658
32 30 -13534.5165
33 30 17305.1879
34 30 -2046.12664
35 30 10546.6561
36 30 -7693.52315
37 30 -26819.5775
38 30 -27746.255
39 30 9379.2322
40 30 -3957.94324
41 30 3199.74989
42 30 -1318.7598
43 30 -21656.8422
44 30 -37561.0842
45 30 14215.4535
46 30 -5144.33759
47 30 2974.34624
48 30 278.145863
49 30 -22940.9797
50 30 -39704.9536
51 30 16012.2508
52 30 -5487.1369
53 30 3413.26961
54 30 468.250899
55 30 -7888.18035
56 30 -20531.9184
57 30 3928.9288
58 30 -2460.31275
59 30 1130.31702
60 30 548.987213
61 30 -15748.859
62 30 -29789.4684
63 30 8517.70063
64 30 -3759.28959
65 30 2449.34431
66 30 808.016786
67 30 -19124.4068
68 30 -29409.2726
69 30 10965.0185
70 30 -3837.35659
71 30 2973.09768
72 30 792.000334
73 30 -21066.3241
74 30 -37305.7083
75 30 10784.208
76 30 -4991.99714
77 30 3500.52919
78 30 1544.0941
1 31 -1146593.08
2 31 64615.5731
3 31 -262869.4
4 31 14957.0366
5 31 168214.555
6 31 -21687.72
7 31 -870636.468
8 31 109799.921
9 31 -177551.489
10 31 19529.8846
11 31 119667.096
